CCT_xc_distance<=0.0009533805714454502:M|27.0|3753.0|0.014183673469387648
CCT_xc_distance>1.9986078143119812:U|3990.0|37.0|0.018207124260385812
CCT_xc_count5>4.5:M|90.0|4673.0|0.0370772165190163
CCT_xc_count5<=0.5:U|4673.0|90.0|0.03707721651901635
CCT_xc_count7>6.5:M|80.0|4511.0|0.03424350607651916
CCT_xc_count7<=0.5:U|4511.0|80.0|0.034243506076519145
CCT_x4_distance<=0.24370869994163513:M|6.0|3386.0|0.0035314780615878227
CCT_x4_distance>1.2616606950759888:U|1287.0|0.0|0.0
CCT_x4_count5<=4.5:U|5418.0|215.0|0.07342229473806874
CCT_x4_count5>0.5:M|215.0|5418.0|0.07342229473806872
CCT_x4_count7<=6.5:U|5422.0|256.0|0.08610704745120958
CCT_x4_count7>0.5:M|256.0|5422.0|0.08610704745120956
r50_xc_distance<=0.0011296792654320598:M|7.0|1734.0|0.008009023843308594
r50_xc_distance>1.8831694722175598:U|3487.0|28.0|0.015804811324763343
r50_xc_count5<=4.5:U|5352.0|626.0|0.18750316903028288
r50_xc_count5>0.5:M|626.0|5352.0|0.18750316903028286
r50_xc_count7>6.5:M|75.0|4652.0|0.031229121007652516
r50_xc_count7<=0.5:U|4652.0|75.0|0.031229121007652485
r50_x4_distance<=0.1221061423420906:M|464.0|5321.0|0.14754840141067582
r50_x4_distance>0.1221061423420906:U|4968.0|111.0|0.04275413615495374
r50_x4_count5<=4.5:U|5421.0|80.0|0.02866263412766815
r50_x4_count5>0.5:M|80.0|5421.0|0.02866263412766812
r50_x4_count7<=6.5:U|5421.0|97.0|0.034539635087960784
r50_x4_count7>0.5:M|97.0|5421.0|0.03453963508796076
