CCT_xc_class_000_distance<=0.0012598932953551412:M0|268.0|3117.0|0.1458089712848194
CCT_xc_class_000_distance>1.9921953678131104:U0|126.0|0.0|0.0
CCT_xc_class_000_count5>3.5:M0|475.0|3992.0|0.1900562837020523
CCT_xc_class_000_count5<=1.5:U0|3992.0|475.0|0.19005628370205224
CCT_xc_class_000_count7>5.5:M0|351.0|3653.0|0.15995530443582395
CCT_xc_class_000_count7<=1.5:U0|3653.0|351.0|0.15995530443582393
CCT_x4_class_000_distance<=0.20003625005483627:M0|4.0|2883.0|0.002767203266221152
CCT_x4_class_000_distance>0.7231881320476532:U0|1849.0|15.0|0.015964905413619737
CCT_x4_class_000_count5<=4.5:U0|5213.0|246.0|0.08606501307805674
CCT_x4_class_000_count5>0.5:M0|246.0|5213.0|0.0860650130780567
CCT_x4_class_000_count7<=6.5:U0|5217.0|295.0|0.10131049342666532
CCT_x4_class_000_count7>0.5:M0|295.0|5217.0|0.10131049342666532
r50_xc_class_000_distance<=0.001071673585101962:M0|13.0|4721.0|0.005477102155768243
r50_xc_class_000_distance>0.001071673585101962:U0|5219.0|511.0|0.16245345370040415
r50_xc_class_000_count5<=4.5:U0|5225.0|78.0|0.028984621864119868
r50_xc_class_000_count5>0.5:M0|78.0|5225.0|0.028984621864119875
r50_xc_class_000_count7<=6.5:U0|5226.0|90.0|0.03328679381805764
r50_xc_class_000_count7>0.5:M0|90.0|5226.0|0.03328679381805766
r50_xc_class_000_xs5<=4.5:U0|5205.0|127.0|0.046502271666941444
r50_xc_class_000_xs5>0.5:M0|127.0|5205.0|0.04650227166694143
r50_xc_class_000_xs3<=2.5:U0|5202.0|93.0|0.034510508871750965
r50_xc_class_000_xs3>0.5:M0|93.0|5202.0|0.034510508871751
r50_x4_class_000_distance<=0.04740702919661999:M0|0.0|3074.0|0.0
r50_x4_class_000_distance>0.22120225429534912:U0|4283.0|1.0|0.0004667444319775276
r50_x4_class_000_count5<=4.5:U0|5228.0|31.0|0.011719819600629452
r50_x4_class_000_count5>0.5:M0|31.0|5228.0|0.0117198196006294
r50_x4_class_000_count7<=6.5:U0|5230.0|38.0|0.014322662178889632
r50_x4_class_000_count7>0.5:M0|38.0|5230.0|0.014322662178889667
CCT_xc_class_001_distance<=0.0012598932953551412:M1|268.0|3117.0|0.1458089712848194
CCT_xc_class_001_distance>1.9921953678131104:U1|126.0|0.0|0.0
CCT_xc_class_001_count5>3.5:M1|475.0|3992.0|0.1900562837020523
CCT_xc_class_001_count5<=1.5:U1|3992.0|475.0|0.19005628370205224
CCT_xc_class_001_count7>5.5:M1|351.0|3653.0|0.15995530443582395
CCT_xc_class_001_count7<=1.5:U1|3653.0|351.0|0.15995530443582393
CCT_x4_class_001_distance<=0.20003625005483627:M1|4.0|2883.0|0.002767203266221152
CCT_x4_class_001_distance>0.7231881320476532:U1|1849.0|15.0|0.015964905413619737
CCT_x4_class_001_count5<=4.5:U1|5213.0|246.0|0.08606501307805674
CCT_x4_class_001_count5>0.5:M1|246.0|5213.0|0.0860650130780567
CCT_x4_class_001_count7<=6.5:U1|5217.0|295.0|0.10131049342666532
CCT_x4_class_001_count7>0.5:M1|295.0|5217.0|0.10131049342666532
r50_xc_class_001_distance<=0.001071673585101962:M1|13.0|4721.0|0.005477102155768243
r50_xc_class_001_distance>0.001071673585101962:U1|5219.0|511.0|0.16245345370040415
r50_xc_class_001_count5<=4.5:U1|5225.0|78.0|0.028984621864119868
r50_xc_class_001_count5>0.5:M1|78.0|5225.0|0.028984621864119875
r50_xc_class_001_count7<=6.5:U1|5226.0|90.0|0.03328679381805764
r50_xc_class_001_count7>0.5:M1|90.0|5226.0|0.03328679381805766
r50_xc_class_001_xs5<=4.5:U1|5205.0|127.0|0.046502271666941444
r50_xc_class_001_xs5>0.5:M1|127.0|5205.0|0.04650227166694143
r50_xc_class_001_xs3<=2.5:U1|5202.0|93.0|0.034510508871750965
r50_xc_class_001_xs3>0.5:M1|93.0|5202.0|0.034510508871751
r50_x4_class_001_distance<=0.04740702919661999:M1|0.0|3074.0|0.0
r50_x4_class_001_distance>0.22120225429534912:U1|4283.0|1.0|0.0004667444319775276
r50_x4_class_001_count5<=4.5:U1|5228.0|31.0|0.011719819600629452
r50_x4_class_001_count5>0.5:M1|31.0|5228.0|0.0117198196006294
r50_x4_class_001_count7<=6.5:U1|5230.0|38.0|0.014322662178889632
r50_x4_class_001_count7>0.5:M1|38.0|5230.0|0.014322662178889667
