CCT_xc_class_000_distance<=1.9965718388557434:M0|471.0|5172.0|0.15299925582809837
CCT_xc_class_000_distance>1.9965718388557434:U0|4761.0|60.0|0.024581317966008175
CCT_xc_class_000_count1<=0.5:U0|5096.0|136.0|0.050636403594908744
CCT_xc_class_000_count1>0.5:M0|136.0|5096.0|0.05063640359490873
CCT_xc_class_000_count7<=6.5:U0|5194.0|450.0|0.14674740986709175
CCT_xc_class_000_count7>0.5:M0|450.0|5194.0|0.14674740986709178
CCT_x4_class_000_distance<=0.13563276827335358:M0|4.0|3344.0|0.0023866314381597586
CCT_x4_class_000_distance>1.43300199508667:U0|3071.0|6.0|0.0038922978826732447
CCT_x4_class_000_count1<=0.5:U0|5185.0|47.0|0.017804965795060128
CCT_x4_class_000_count1>0.5:M0|47.0|5185.0|0.01780496579506008
CCT_x4_class_000_count7<=6.5:U0|5220.0|128.0|0.04672267196399145
CCT_x4_class_000_count7>0.5:M0|128.0|5220.0|0.04672267196399149
r50_xc_class_000_distance<=0.0010713936062529683:M0|13.0|4720.0|0.005478256184275665
r50_xc_class_000_distance>0.0010713936062529683:U0|5219.0|512.0|0.16271456765439887
r50_xc_class_000_count1<=0.5:U0|5197.0|35.0|0.013289703331182463
r50_xc_class_000_count1>0.5:M0|35.0|5197.0|0.013289703331182512
r50_xc_class_000_count7<=6.5:U0|5226.0|93.0|0.03435756438066888
r50_xc_class_000_count7>0.5:M0|93.0|5226.0|0.03435756438066884
r50_x4_class_000_distance<=0.04740647412836552:M0|0.0|3074.0|0.0
r50_x4_class_000_distance>0.2212088480591774:U0|4283.0|1.0|0.0004667444319775276
r50_x4_class_000_count1<=0.5:U0|5219.0|13.0|0.0049570713978435085
r50_x4_class_000_count1>0.5:M0|13.0|5219.0|0.0049570713978435155
r50_x4_class_000_count7<=6.5:U0|5230.0|38.0|0.014322662178889632
r50_x4_class_000_count7>0.5:M0|38.0|5230.0|0.014322662178889667
CCT_xc_class_001_distance<=1.9965718388557434:M1|471.0|5172.0|0.15299925582809837
CCT_xc_class_001_distance>1.9965718388557434:U1|4761.0|60.0|0.024581317966008175
CCT_xc_class_001_count1<=0.5:U1|5096.0|136.0|0.050636403594908744
CCT_xc_class_001_count1>0.5:M1|136.0|5096.0|0.05063640359490873
CCT_xc_class_001_count7<=6.5:U1|5194.0|450.0|0.14674740986709175
CCT_xc_class_001_count7>0.5:M1|450.0|5194.0|0.14674740986709178
CCT_x4_class_001_distance<=0.13563276827335358:M1|4.0|3344.0|0.0023866314381597586
CCT_x4_class_001_distance>1.43300199508667:U1|3071.0|6.0|0.0038922978826732447
CCT_x4_class_001_count1<=0.5:U1|5185.0|47.0|0.017804965795060128
CCT_x4_class_001_count1>0.5:M1|47.0|5185.0|0.01780496579506008
CCT_x4_class_001_count7<=6.5:U1|5220.0|128.0|0.04672267196399145
CCT_x4_class_001_count7>0.5:M1|128.0|5220.0|0.04672267196399149
r50_xc_class_001_distance<=0.0010713936062529683:M1|13.0|4720.0|0.005478256184275665
r50_xc_class_001_distance>0.0010713936062529683:U1|5219.0|512.0|0.16271456765439887
r50_xc_class_001_count1<=0.5:U1|5197.0|35.0|0.013289703331182463
r50_xc_class_001_count1>0.5:M1|35.0|5197.0|0.013289703331182512
r50_xc_class_001_count7<=6.5:U1|5226.0|93.0|0.03435756438066888
r50_xc_class_001_count7>0.5:M1|93.0|5226.0|0.03435756438066884
r50_x4_class_001_distance<=0.04740647412836552:M1|0.0|3074.0|0.0
r50_x4_class_001_distance>0.2212088480591774:U1|4283.0|1.0|0.0004667444319775276
r50_x4_class_001_count1<=0.5:U1|5219.0|13.0|0.0049570713978435085
r50_x4_class_001_count1>0.5:M1|13.0|5219.0|0.0049570713978435155
r50_x4_class_001_count7<=6.5:U1|5230.0|38.0|0.014322662178889632
r50_x4_class_001_count7>0.5:M1|38.0|5230.0|0.014322662178889667
